start: 2024-11-09 13:47:54, end: 2024-11-09 13:48:25, took: 31.45130968093872, cpu usage: 13.639458secs, ram usage: 342.37109375MB
start: 2024-11-09 14:48:02, end: 2024-11-09 14:48:34, took: 31.489826679229736, cpu usage: 13.076278secs, ram usage: 359.37109375MB
